Date : 14 oct. 2016
DateEarliest : 2016-10-14T11:04:32Z
DateEarliestISO8601 : 2016-10-14T14:04:32+0300
DateLatest : 2016-10-14T11:04:32Z
DateLatestISO8601 : 2016-10-14T14:04:32+0300
DateModified : 2016-10-14T11:04:32Z
DateTimeZone : Europe/Athens
DateUTC : 2016-10-14T11:04:32Z
FormatImage : ΒΘ Photo (396,338,419,364).png
FormatImageEnvelopeGEO : ENVELOPE(23.72262156229590601697, 23.72288411937091368031, 37.97650603131958035874, 37.97627124200753456762)
FormatImageEnvelopeXYZ : ENVELOPE(395.99999999999994315658, 418.99999999999994315658, 363.99999999999994315658, 337.99999999999994315658)
FormatImageHeight : 2048
FormatImageTransformGEO : 0.00000014447352373999\n0.00000000029697866952\n0.00000000037648925260\n-0.00000011438046225527\n23.72262156229590601697\n37.97650549319423163297
FormatImageTransformXYZ : 0.01269315673289183113\n0.00000000000000000000\n-0.00000000000000000000\n-0.01269531249999999827\n395.99999999999994315658\n363.99999999999994315658
FormatImageWidth : 1812
Identifier : ΒΘ
IdentifierUUID : ΒΘ Photo (396,338,419,364)
RelationAttachments : n=ΒΘ Photo (396,338,419,364).png\nd=2020-11-23T09:21:55Z
RightsDeleted : 0
RightsLocked : 0
RightsSidelined : 0
RightsStatus : All Done
RightsTrashed : 0
Source : ΒΘ West 2013
Title : ΒΘ Photo (396,338,419,364)
Type : Plan

Date : 14 oct. 2016
DateEarliest : 2016-10-14T11:04:32Z
DateEarliestISO8601 : 2016-10-14T14:04:32+0300
DateLatest : 2016-10-14T11:04:32Z
DateLatestISO8601 : 2016-10-14T14:04:32+0300
DateModified : 2016-10-14T11:04:32Z
DateTimeZone : Europe/Athens
DateUTC : 2016-10-14T11:04:32Z
FormatImage : ΒΘ Plan (399,341,420,362).png
FormatImageEnvelopeGEO : ENVELOPE(23.72265576761070704492, 23.72289541240469290528, 37.97648803539427575515, 37.97629834118087188699)
FormatImageEnvelopeXYZ : ENVELOPE(398.99999999999994315658, 419.99999999999994315658, 361.99999999999994315658, 340.99999999999994315658)
FormatImageHeight : 1436
FormatImageTransformGEO : 0.00000016679834113153\n0.00000000034286939326\n0.00000000043368464152\n-0.00000013175688131226\n23.72265576761070704492\n37.97648754406243654103
FormatImageTransformXYZ : 0.01465457083042567832\n0.00000000000000000000\n-0.00000000000000000000\n-0.01462395543175487415\n398.99999999999994315658\n361.99999999999994315658
FormatImageWidth : 1433
Identifier : ΒΘ
IdentifierUUID : ΒΘ Plan (399,341,420,362)
RelationAttachments : n=ΒΘ Plan (399,341,420,362).png\nd=2020-11-23T09:21:55Z
RightsDeleted : 0
RightsLocked : 0
RightsSidelined : 0
RightsStatus : All Done
RightsTrashed : 0
Source : ΒΘ West 2013
Title : ΒΘ Plan (399,341,420,362)
Type : Plan
